 -1.000000 1.000000 1000000 32 4
 1.000000 1.100000 1000000 32 4
 0.992188 1.200000 1000000 32 4
 1.000000 1.300000 1000000 32 4
 0.988281 1.400000 1000000 32 4
 -0.994141 1.500000 1000000 32 4
 0.986328 1.600000 1000000 32 4
 -0.949219 1.700000 1000000 32 4
 0.947266 1.800000 1000000 32 4
 -0.953125 1.900000 1000000 32 4
 -0.912109 2.000000 1000000 32 4
 -0.876953 2.100000 1000000 32 4
 -0.882812 2.200000 1000000 32 4
 0.804688 2.300000 1000000 32 4
 0.429688 2.400000 1000000 32 4
 -0.353516 2.500000 1000000 32 4
 -0.025391 2.600000 1000000 32 4
 -0.117188 2.700000 1000000 32 4
 0.130859 2.800000 1000000 32 4
 -0.150391 2.900000 1000000 32 4
 -0.103516 3.000000 1000000 32 4
 0.144531 3.100000 1000000 32 4
 -0.056641 3.200000 1000000 32 4
 -0.058594 3.300000 1000000 32 4
 -0.003906 3.400000 1000000 32 4
 0.001953 3.500000 1000000 32 4
 -0.001953 3.600000 1000000 32 4
 0.087891 3.700000 1000000 32 4
 0.166016 3.800000 1000000 32 4
 0.021484 3.900000 1000000 32 4
 0.011719 4.000000 1000000 32 4
