 1.000000 1.000000 100000 32
 -1.000000 1.100000 100000 32
 0.994141 1.200000 100000 32
 0.994141 1.300000 100000 32
 0.996094 1.400000 100000 32
 -0.990234 1.500000 100000 32
 -0.972656 1.600000 100000 32
 -0.982422 1.700000 100000 32
 0.976562 1.800000 100000 32
 -0.851562 1.900000 100000 32
 0.933594 2.000000 100000 32
 -0.101562 2.100000 100000 32
 -0.460938 2.200000 100000 32
 0.921875 2.300000 100000 32
 0.500000 2.400000 100000 32
 -0.683594 2.500000 100000 32
 -0.558594 2.600000 100000 32
 0.382812 2.700000 100000 32
 0.337891 2.800000 100000 32
 -0.099609 2.900000 100000 32
 -0.091797 3.000000 100000 32
 0.542969 3.100000 100000 32
 -0.042969 3.200000 100000 32
 0.044922 3.300000 100000 32
 -0.312500 3.400000 100000 32
 -0.183594 3.500000 100000 32
 -0.390625 3.600000 100000 32
 0.187500 3.700000 100000 32
 -0.021484 3.800000 100000 32
 -0.251953 3.900000 100000 32
 0.341797 4.000000 100000 32
